08 2014
7
31 
Date:                   1     2    3      4     5     6     7     8     9     10    11    12    13    14    15    16    17    18    19    20    21    22    23    24    25    26    27    28     29    30     31
Bazar                  1500  1500  1500   1500  0.0   0.0   0.0   0.0   0.0   0.0   1500  0.0   0.0   0.0   1500  0.0   969   0.0   0.0   0.0   0.0   0.0   0.0   0.0   0.0   0.0   0.0   0.0   0.0    0.0    0.0
alfat    500 500 500 0 4.0  2.5   2.0    2.5   2.5   2.5   2.5   2.5   2.5   2.0   2.5   2.5   2.5   2.5   1.5   2.5   2.5   2.0   2.0   2.5   2.5   2.5   1.5   2.5   1.5   2.5   2.5   2.5   2.5    2.5     2
akram    500 500 500 0 2.5   2.5   2.0    2.5   2.5   3.5   2.5   2.5   2.5   2.0   2.5   2.5   2.5   2.5   1.5   2.5   2.5   2.0   2.0   2.5   2.5   2.5   1.5   2.5   1.5   2.5   2.5   2.5   2.5    2.5     2
ashik    500 500 500 0 2.5   2.5   2.0    2.5   2.5   2.5   2.5   2.5   1.5   0.0   0.0   2.0   2.5   2.5   1.5   2.5   2.5   2.0   2.0   2.5   2.5   2.5   1.5   2.5   1.5   2.5   2.5   2.5   2.5    2.5     0
josim    500 500 500 0 2.5   2.5   2.0    2.5   2.5   2.5   2.5   2.5   2.5   2.0   2.5   2.5   2.5   2.5   1.5   2.5   2.5   1.0   2.0   2.5   2.5   2.5   1.5   2.5   1.5   2.5   2.5   2.5   2.5    2.5     2
leamon   500 500 500 0 2.0   2.0   2.0    2.0   2.0   4.0   4.0   4.0   0.0   0.0   0.0   1.0   2.0   2.0   1.0   2.0   2.0   2.0   2.0   2.0   2.0   2.0   1.0   2.0   1.0   2.0   2.0   2.0   2.0    2.0     2
ashraf   500 500 500 0 2.5   2.5   2.0    2.5   2.5   2.5   2.5   4.5   2.5   2.0   2.5   2.5   2.5   2.5   1.5   2.5   2.5   2.0   2.0   2.5   2.5   2.5   1.5   2.5   1.5   2.5   2.5   2.5   2.5    2.5     2
torikul  500 500   0 0 2.0   2.5   1.0    2.0   2.0   2.0   2.0   1.0   2.0   1.0   1.0   2.0   2.0   1.0   2.0   2.0   1.0   2.0   2.0   2.0   2.0   1.0   0.0   0.0   0.0   2.0   2.0   2.0   2.0    2.0    0.5